TIME TABLES-------------------

./cnfs/exemple-50-100.cnf
0.072
0.069
0.076
0.055
0.053
0.057
0.059
0.069
0.058
0.058
0.076
0.054
0.051
0.054
0.055
0.064
0.079
0.064
0.071
0.061
0.086
0.077
0.060
0.057
0.065

./cnfs/exemple-50-125.cnf
0.067
0.067
0.070
0.062
0.056
0.075
0.047
0.056
0.087
0.071
0.063
0.055
0.061
0.065
0.082
0.064
0.067
0.052
0.073
0.054
0.053
0.088
0.103
0.066
0.066

./cnfs/exemple-50-150.cnf
0.133
0.065
0.129
0.104
0.122
0.070
0.070
0.050
0.070
0.074
0.083
0.079
0.084
0.064
0.088
0.165
0.087
0.118
0.149
0.110
0.116
0.103
0.099
0.072
0.106

./cnfs/exemple-50-175.cnf
0.092
0.062
0.272
0.226
0.311
0.499
0.781
0.727
0.170
0.340
0.083
0.479
0.154
0.252
0.301
0.684
0.088
0.288
0.106
0.132
0.451
0.082
0.104
0.361
0.090

./cnfs/exemple-50-200.cnf
0.119
0.112
0.553
0.182
0.095
0.108
0.224
0.394
0.233
0.380
0.092
0.194
0.116
0.115
0.116
0.181
0.104
0.154
0.222
0.174
0.230
0.622
0.111
0.144
0.112

./cnfs/exemple-50-225.cnf
2.066
0.393
0.193
0.195
0.829
0.945
1.268
0.977
0.881
0.404
0.268
0.156
0.721
0.458
1.157
0.327
2.742
1.986
0.506
1.274
0.288
0.229
1.387
0.381
0.837

./cnfs/exemple-50-250.cnf
1.235
0.799
0.071
0.163
0.732
0.171
0.414
0.400
0.119
0.572
0.205
0.429
0.848
1.152
1.286
0.420
0.975
1.169
0.203
0.296
0.097
0.204
0.562
0.471
0.202

./cnfs/exemple-50-25.cnf
0.043
0.046
0.051
0.046
0.051
0.053
0.042
0.047
0.048
0.049
0.047
0.032
0.044
0.052
0.058
0.047
0.048
0.044
0.068
0.051
0.044
0.052
0.047
0.037
0.047

./cnfs/exemple-50-50.cnf
0.049
0.042
0.058
0.051
0.047
0.050
0.056
0.047
0.043
0.051
0.044
0.045
0.035
0.059
0.051
0.054
0.049
0.056
0.055
0.056
0.052
0.055
0.055
0.059
0.046

./cnfs/exemple-50-75.cnf
0.059
0.041
0.047
0.054
0.045
0.052
0.048
0.078
0.059
0.073
0.050
0.064
0.056
0.062
0.049
0.059
0.067
0.056
0.046
0.049
0.052
0.059
0.056
0.051
0.051

./cnfs/exemple-75-100.cnf
0.064
0.043
0.061
0.056
0.061
0.059
0.048
0.056
0.071
0.056
0.051
0.057
0.060
0.049
0.059
0.051
0.064
0.046
0.047
0.068
0.054
0.049
0.054
0.057
0.051

./cnfs/exemple-75-125.cnf
0.068
0.051
0.059
0.059
0.057
0.049
0.065
0.058
0.059
0.063
0.058
0.069
0.052
0.049
0.073
0.064
0.043
0.055
0.070
0.079
0.052
0.077
0.068
0.094
0.057

./cnfs/exemple-75-150.cnf
0.071
0.071
0.086
0.084
0.088
0.098
0.068
0.068
0.061
0.072
0.092
0.092
0.081
0.054
0.060
0.080
0.078
0.094
0.090
0.075
0.064
0.067
0.076
0.073
0.093

./cnfs/exemple-75-175.cnf
0.205
0.065
0.089
0.093
0.090
0.086
0.131
0.092
0.090
0.119
0.162
0.068
0.060
0.107
0.100
0.087
0.073
0.102
0.093
0.092
0.110
0.079
0.123
0.119
0.082

./cnfs/exemple-75-200.cnf
0.125
0.107
0.116
0.184
0.124
0.146
0.111
0.089
0.082
0.189
0.197
0.063
0.099
0.072
0.094
0.092
0.090
0.086
0.205
0.105
0.157
0.137
0.089
0.110
0.124

./cnfs/exemple-75-220.cnf
0.105
0.070
0.166
0.365
0.103
0.108
0.082
0.088
0.110
0.119
0.099
0.116
0.226
0.110
0.083
0.061
0.168
0.192
0.295
0.108
0.206
0.129
0.127
0.101
0.094

./cnfs/exemple-75-250.cnf
1.029
0.172
0.144
2.211
0.278
0.227
1.314
0.179
0.192
0.121
0.235
0.512
0.631
0.495
0.255
0.235
0.164
1.801
0.281
1.010
0.273
0.194
0.120
0.360
0.187

./cnfs/exemple-75-280.cnf
26.039
3.573
0.888
2.276
4.106
0.541
5.862
9.185
18.780
0.931
4.185
0.926
0.990
3.091
4.973
0.430
4.742
0.350
1.751
21.030
10.002
4.085
19.542
2.261
42.811

./cnfs/exemple-75-300.cnf
5.554
2.225
0.515
13.206
7.432
0.399
0.504
4.374
1.126
6.984
0.579
15.814
9.016
2.945
3.606
14.579
2.773
0.937
2.962
3.681
2.327
1.077
0.468
2.887
12.094

./cnfs/exemple-75-320.cnf
0.581
0.332
1.491
1.034
6.862
4.633
2.096
1.207
0.837
7.823
0.308
0.324
2.417
1.159
0.307
6.940
1.517
0.477
1.068
0.230
1.111
9.154
0.895
0.595
0.732

./cnfs/exemple-75-330.cnf
0.661
1.767
0.394
1.849
6.398
1.540
0.256
4.389
1.350
1.584
3.865
1.774
0.515
3.359
0.886
2.442
1.555
1.321
0.843
1.210
0.527
0.756
3.185
3.116
2.189

./cnfs/exemple-75-350.cnf
2.500
5.010
0.889
1.915
12.392
4.857
1.933
1.618
0.546
3.490
1.054
0.600
1.551
1.081
1.863
6.213
6.406
5.563
2.432
0.303
0.922
0.533
6.971
1.665
0.740

./cnfs/exemple-75-75.cnf
0.051
0.082
0.079
0.066
0.052
0.068
0.055
0.055
0.054
0.060
0.053
0.060
0.063
0.052
0.044
0.052
0.059
0.047
0.044
0.050
0.053
0.046
0.055
0.056
0.039
