800
4.897
4.850
0.781
7.512
3.447
14.485
29.572
0.946
12.455
8.452

1000
16.719
7.943
1.265
2.337
7.836
2.805
33.071
44.088
17.428
2.424

1200
24.209
0.758
13.157
27.936
13.496
17.949
3.166
7.237
11.036
3.230

1400
10.975
12.894
2.036
14.892
0.564
1.324
1.943
8.089
10.157
9.691

1600
1.657
1.711
1.008
20.810
3.441
1.923
1.966
0.587
3.851
10.980

1800
32.877
7.195
30.562
6.811
4.653
8.231
17.150
5.355
1.483
1.072

2000
7.387
1.411
2.327
1.902
7.387
11.197
1.189
3.126
10.715
4.318

2200
1.906
1.947
6.925
13.223
33.655
7.812
11.942
22.369
1.772
1.859

2400
11.253
18.301
6.425
1.577
3.553
6.958
5.252
3.448
5.251
2.592

