TIME TABLES-------------------

./cnfs/exemple-50-100.cnf
0,026
0,029
0,030
0,022
0,029

./cnfs/exemple-50-125.cnf
0,021
0,025
0,031
0,031
0,027

./cnfs/exemple-50-150.cnf
0,024
0,026
0,034
0,029
0,036

./cnfs/exemple-50-175.cnf
0,475
0,068
0,038
0,089
0,146

./cnfs/exemple-50-200.cnf
0,038
0,062
0,065
0,043
0,051

./cnfs/exemple-50-225.cnf
0,605
0,103
0,497
0,099
0,051

./cnfs/exemple-50-250.cnf
0,113
0,056
0,039
0,048
0,203

./cnfs/exemple-50-25.cnf
0,024
0,027
0,027
0,024
0,027

./cnfs/exemple-50-50.cnf
0,023
0,028
0,026
0,023
0,019

./cnfs/exemple-50-75.cnf
0,018
0,024
0,028
0,028
0,028

./cnfs/exemple-75-100.cnf
0,020
0,029
0,017
0,025
0,020

./cnfs/exemple-75-125.cnf
0,029
0,030
0,026
0,028
0,022

./cnfs/exemple-75-150.cnf
0,029
0,024
0,030
0,025
0,027

./cnfs/exemple-75-175.cnf
0,045
0,038
0,034
0,034
0,033

./cnfs/exemple-75-200.cnf
0,035
0,038
0,058
0,100
0,050

./cnfs/exemple-75-220.cnf
0,034
0,033
0,042
0,034
0,104

./cnfs/exemple-75-250.cnf
0,065
0,282
0,107
0,094
0,186

./cnfs/exemple-75-280.cnf
3,091
7,589
1,147
7,876
0,155

./cnfs/exemple-75-300.cnf
1,099
0,080
0,935
1,606
0,119

./cnfs/exemple-75-320.cnf
0,081
0,240
0,746
0,186
0,170

./cnfs/exemple-75-330.cnf
0,145
0,625
0,178
0,142
0,129

./cnfs/exemple-75-350.cnf
0,273
1,173
1,270
1,277
2,188

./cnfs/exemple-75-75.cnf
0,029
0,030
0,021
0,019
0,027
