TIME TABLES-------------------

./cnfs/exemple-50-100.cnf
0.052
0.064
0.061
0.056
0.045
0.052
0.051
0.054
0.052
0.066
0.063
0.063
0.052
0.061
0.061
0.063
0.060
0.065
0.073
0.063
0.051
0.059
0.060
0.057
0.072

./cnfs/exemple-50-125.cnf
0.078
0.075
0.100
0.056
0.056
0.067
0.061
0.083
0.063
0.079
0.084
0.057
0.070
0.088
0.064
0.078
0.084
0.076
0.073
0.065
0.053
0.061
0.069
0.064
0.066

./cnfs/exemple-50-150.cnf
0.072
0.078
0.087
0.096
0.103
0.060
0.096
0.112
0.070
0.107
0.054
0.072
0.084
0.120
0.125
0.089
0.052
0.067
0.096
0.064
0.063
0.090
0.090
0.144
0.123

./cnfs/exemple-50-175.cnf
0.136
0.267
0.669
0.444
0.139
0.219
0.178
0.878
0.538
0.333
0.228
0.180
0.227
0.131
0.298
0.170
0.117
0.095
0.090
0.315
0.263
1.122
0.277
0.155
0.136

./cnfs/exemple-50-200.cnf
0.129
0.136
0.207
0.149
0.168
0.108
0.090
0.172
0.129
0.139
0.139
0.212
0.080
0.187
0.165
0.403
0.131
0.244
0.087
0.101
0.141
0.168
0.078
0.133
0.122

./cnfs/exemple-50-225.cnf
0.217
0.093
0.750
0.252
0.254
1.172
0.534
0.228
0.141
0.163
2.610
1.148
0.235
3.509
0.423
0.795
0.122
1.195
1.676
0.645
0.143
1.064
0.312
0.255
1.895

./cnfs/exemple-50-250.cnf
1.129
0.107
0.632
0.158
0.177
0.224
0.802
0.114
0.605
0.634
0.302
0.474
0.547
0.212
0.448
0.178
0.342
0.264
1.095
0.097
0.135
0.215
0.356
0.197
0.279

./cnfs/exemple-50-25.cnf
0.045
0.041
0.049
0.040
0.048
0.046
0.050
0.042
0.057
0.051
0.037
0.057
0.048
0.043
0.046
0.041
0.049
0.046
0.044
0.036
0.039
0.051
0.046
0.052
0.053

./cnfs/exemple-50-50.cnf
0.050
0.047
0.046
0.044
0.045
0.055
0.050
0.047
0.047
0.035
0.039
0.047
0.061
0.047
0.043
0.045
0.047
0.052
0.056
0.052
0.044
0.046
0.044
0.042
0.055

./cnfs/exemple-50-75.cnf
0.056
0.059
0.054
0.039
0.059
0.057
0.058
0.056
0.052
0.047
0.051
0.043
0.048
0.060
0.063
0.048
0.051
0.050
0.051
0.055
0.041
0.041
0.049
0.051
0.059

./cnfs/exemple-75-100.cnf
0.066
0.046
0.058
0.059
0.054
0.051
0.060
0.048
0.031
0.062
0.054
0.061
0.051
0.048
0.051
0.047
0.047
0.046
0.060
0.057
0.043
0.053
0.047
0.044
0.041

./cnfs/exemple-75-125.cnf
0.055
0.055
0.067
0.066
0.069
0.052
0.069
0.055
0.060
0.051
0.068
0.052
0.055
0.059
0.051
0.048
0.067
0.057
0.052
0.052
0.066
0.067
0.057
0.064
0.048

./cnfs/exemple-75-150.cnf
0.060
0.066
0.055
0.061
0.071
0.067
0.055
0.057
0.080
0.058
0.058
0.064
0.051
0.060
0.069
0.060
0.073
0.057
0.055
0.070
0.083
0.066
0.060
0.068
0.060

./cnfs/exemple-75-175.cnf
0.076
0.095
0.089
0.142
0.085
0.073
0.061
0.083
0.075
0.085
0.097
0.094
0.072
0.074
0.102
0.085
0.089
0.093
0.255
0.095
0.105
0.165
0.078
0.063
0.079

./cnfs/exemple-75-200.cnf
0.114
0.135
0.246
0.151
0.144
0.224
0.104
0.314
0.135
0.095
0.215
0.089
0.086
0.089
0.114
0.210
0.072
0.170
0.101
0.125
0.141
0.089
0.127
0.128
0.196

./cnfs/exemple-75-220.cnf
0.098
0.110
0.092
0.192
0.095
0.103
0.180
0.125
0.116
0.095
0.088
0.152
0.129
0.099
0.113
0.099
0.453
0.063
0.131
0.083
0.071
0.185
0.080
0.193
0.093

./cnfs/exemple-75-250.cnf
0.237
0.903
0.434
0.282
0.355
0.303
0.762
0.116
0.574
0.117
0.108
0.834
0.205
0.695
0.752
0.461
0.098
0.102
0.139
0.364
0.224
0.100
0.178
0.398
0.321

./cnfs/exemple-75-280.cnf
13.837
27.462
0.226
1.957
8.397
3.008
9.864
1.042
1.315
4.129
51.656
0.984
4.891
13.250
15.900
0.212
0.244
5.744
11.906
2.116
2.550
0.744
15.619
13.824
1.323

./cnfs/exemple-75-300.cnf
0.153
0.228
7.563
8.931
4.922
5.798
6.438
11.605
3.832
11.677
2.465
3.297
5.582
5.484
4.368
4.549
5.590
0.948
1.110
0.737
0.519
15.663
18.979
10.695
9.657

./cnfs/exemple-75-320.cnf
0.444
0.192
0.437
3.406
2.924
0.619
1.110
1.504
3.235
0.706
0.900
0.359
0.351
0.476
0.882
2.181
3.791
2.627
1.177
0.289
0.292
0.540
0.451
0.459
0.227

./cnfs/exemple-75-330.cnf
0.871
0.214
2.941
0.624
3.981
0.299
0.355
0.276
0.635
1.026
0.184
1.470
1.576
1.491
1.223
3.974
0.860
2.105
1.722
1.525
2.671
0.811
0.341
2.894
9.587

./cnfs/exemple-75-350.cnf
0.557
1.128
0.337
1.247
0.914
1.723
1.485
2.827
1.270
1.693
0.640
1.233
0.988
2.306
1.619
3.889
3.437
0.616
0.856
5.646
6.144
2.561
1.401
0.611
1.557

./cnfs/exemple-75-75.cnf
0.057
0.051
0.046
0.045
0.043
0.055
0.046
0.054
0.043
0.047
0.052
0.052
0.049
0.054
0.061
0.052
0.049
0.054
0.044
0.051
0.058
0.050
0.054
0.056
0.057
