TIME TABLES-------------------

./cnfs/exemple-50-100.cnf
0,022
0,022
0,026
0,027
0,023

./cnfs/exemple-50-125.cnf
0,027
0,027
0,032
0,025
0,038

./cnfs/exemple-50-150.cnf
0,034
0,038
0,028
0,036
0,033

./cnfs/exemple-50-175.cnf
0,046
0,046
0,186
0,084
0,113

./cnfs/exemple-50-200.cnf
0,042
0,040
0,036
0,049
0,054

./cnfs/exemple-50-225.cnf
0,055
0,455
0,552
0,972
0,655

./cnfs/exemple-50-250.cnf
0,067
0,055
0,073
0,096
0,077

./cnfs/exemple-50-25.cnf
0,025
0,022
0,029
0,029
0,025

./cnfs/exemple-50-50.cnf
0,029
0,017
0,028
0,021
0,021

./cnfs/exemple-50-75.cnf
0,020
0,025
0,025
0,025
0,029

./cnfs/exemple-75-100.cnf
0,026
0,014
0,026
0,030
0,027

./cnfs/exemple-75-125.cnf
0,027
0,026
0,024
0,032
0,026

./cnfs/exemple-75-150.cnf
0,036
0,033
0,038
0,030
0,028

./cnfs/exemple-75-175.cnf
0,032
0,029
0,022
0,029
0,035

./cnfs/exemple-75-200.cnf
0,038
0,042
0,042
0,086
0,053

./cnfs/exemple-75-220.cnf
0,038
0,075
0,044
0,032
0,039

./cnfs/exemple-75-250.cnf
0,110
0,099
0,035
0,195
0,244

./cnfs/exemple-75-280.cnf
9,867
0,949
31,137
3,234
2,362

./cnfs/exemple-75-300.cnf
0,109
15,378
0,099
9,865
7,193

./cnfs/exemple-75-320.cnf
0,615
0,258
0,165
0,504
0,252

./cnfs/exemple-75-330.cnf
2,119
1,350
0,096
2,013
1,147

./cnfs/exemple-75-350.cnf
51,301
0,477
0,291
64,652
8,795

./cnfs/exemple-75-75.cnf
0,029
0,021
0,029
0,023
0,027
