TIME TABLES-------------------

./benchmark-folder/exemple-100-420.cnf

2000
2.274
1.461
1.177
1.507
2.576
2.638
8.497
33.111
0.548
1.585
6.761
3.016
18.369
9.966
6.363
10.023
3.026
6.599
9.627
20.692
1.082
4.337
5.263
5.365
10.475
11.767
2.566
0.304
1.487
1.321
11.657
17.537
12.832
2.842
7.422
15.746
12.904
5.544
1.732
10.507
5.362
1.377
1.900
5.881
4.714
5.059
3.575
22.321
1.039
5.109

2200
1.627
4.108
2.994
15.478
2.724
2.564
1.287
5.278
2.377
8.280
13.733
2.360
3.714
5.898
7.815
13.006
2.843
2.894
10.702
0.887
1.905
9.825
10.333
1.099
4.867
6.186
0.387
5.000
1.207
5.531
6.206
10.279
1.523
16.160
10.536
0.932
21.782
6.566
16.567
5.756
10.023
8.560
3.239
37.732
15.532
1.993
3.250
16.077
1.042
24.335

2400
9.724
10.969
1.524
6.070
6.006
2.815
13.294
3.571
23.023
6.287
1.796
2.502
13.107
29.937
9.225
8.495
8.431
25.792
10.887
1.152
10.740
0.725
3.507
11.443
0.552
19.524
6.816
30.469
4.916
14.131
1.391
3.900
1.737
5.012
1.989
10.319
3.781
0.689
2.972
3.037
1.803
1.400
1.064
4.089
4.249
2.812
30.803
7.689
3.686
10.529

2600
1.061
3.195
3.001
2.033
3.204
9.886
16.347
0.906
15.459
12.767
1.428
9.836
2.029
20.475
12.377
12.790
11.409
6.473
5.434
1.231
8.896
14.246
6.170
2.390
3.887
26.600
1.217
3.229
1.243
8.052
0.870
7.234
4.664
33.035
9.842
3.292
2.325
11.044
1.197
14.762
0.716
10.605
15.942
1.562
1.534
15.869
6.376
4.809
3.552
2.906

2800
7.724
10.204
1.214
7.681
10.063
5.983
11.041
3.474
2.152
7.644
1.650
5.498
2.508
4.263
1.796
2.411
8.248
1.082
0.985
16.900
34.954
3.117
7.902
21.880
4.102
4.189
2.337
2.168
9.127
3.246
10.543
7.347
1.758
7.864
20.380
2.456
4.347
5.504
1.395
12.580
7.823
6.616
7.924
3.804
3.345
1.623
1.387
3.312
5.134
2.847

3000
6.175
8.851
1.055
3.214
2.083
4.138
1.908
4.571
1.393
2.644
8.403
7.885
0.951
5.781
2.073
1.398
2.440
8.247
21.666
2.922
8.719
3.066
8.556
4.607
15.185
1.662
5.295
7.413
6.054
1.345
0.493
2.202
8.970
6.730
3.394
3.776
2.058
15.969
3.577
3.570
8.189
10.622
6.236
6.031
3.628
4.562
8.428
2.062
10.712
4.534

3200
4.270
3.826
7.055
2.970
1.638
17.982
3.608
1.374
29.401
11.378
15.163
10.202
1.880
7.411
4.437
8.970
11.200
5.156
2.617
20.302
16.438
6.932
6.738
11.001
12.523
12.206
2.360
3.868
9.547
2.281
0.664
7.974
6.065
6.885
5.118
5.939
1.641
34.432
22.182
8.790
4.274
4.122
2.366
0.473
1.282
4.671
3.408
2.834
2.396
15.995

3400
20.566
21.146
1.514
1.991
2.307
4.152
9.028
1.421
16.638
8.550
31.524
2.081
2.308
4.923
1.432
6.837
2.280
2.058
3.585
19.167
22.854
11.132
4.223
0.635
21.431
2.032
31.809
0.378
0.565
1.526
5.619
0.634
32.290
0.896
7.166
1.452
7.600
6.267
11.391
9.681
3.278
1.844
15.062
6.715
2.445
22.620
1.703
13.485
19.089
14.367

3600
1.491
8.887
7.732
5.968
0.713
2.837
4.174
7.918
1.403
14.153
0.781
3.301
2.890
20.365
0.987
5.998
3.722
13.534
17.538
20.469
5.131
12.524
14.819
0.895
0.927
4.466
4.536
3.458
10.670
0.942
6.467
1.937
4.435
0.946
9.340
8.453
2.895
5.674
6.235
12.978
9.888
10.396
15.338
20.481
13.924
1.378
7.481
5.670
14.857
4.828

3800
14.835
8.888
5.917
1.364
5.705
5.956
8.733
2.468
3.220
10.148
9.172
17.783
23.970
0.899
2.120
15.077
1.840
17.524
1.958
13.677
17.800
8.190
18.217
7.608
8.904
4.602
5.194
12.139
15.710
3.277
9.833
1.621
2.853
5.756
3.429
5.613
8.291
6.755
1.730
2.115
1.551
1.348
15.133
9.584
13.523
3.265
3.119
1.425
9.472
5.325

4000
3.787
0.432
1.136
3.562
4.520
5.099
5.584
16.260
5.280
8.301
14.367
4.341
5.721
3.487
6.097
4.116
7.152
8.325
9.158
13.894
23.957
1.822
15.975
5.847
6.153
12.384
16.769
1.105
1.609
5.069
16.146
1.270
5.820
1.734
6.583
4.061
1.401
3.515
19.842
7.055
1.486
5.501
5.101
8.289
13.007
11.524
3.544
1.821
6.356
9.725

4200
4.115
8.416
8.119
12.407
10.903
16.891
2.052
9.495
0.754
5.798
1.352
10.251
1.730
9.904
8.750
3.914
4.804
5.759
6.426
4.277
5.250
3.242
4.583
0.950
2.266
5.817
20.806
18.790
5.370
1.112
4.893
5.209
4.784
6.740
5.575
2.779
0.881
20.112
1.510
6.443
5.199
23.740
7.022
3.704
5.443
9.876
4.259
22.726
1.456
2.619

4400
11.636
11.394
16.871
52.702
12.145
